"channel","reference","start","end","identity"
"9","ref1","2504","2614","81"
"3","ref2","3807","4594","83"
"10","ref3","1579","1616","85"
"10","ref4","7025","7683","93"
"4","ref5","7919","8309","93"
"5","ref1","3898","3984","92"
"6","ref1","5581","5735","98"
"1","ref1","3085","3222","83"
"10","ref4","8395","9117","82"
"12","ref2","3791","4183","88"
"6","ref4","6902","7087","91"
"10","ref5","6159","7158","99"
"8","ref4","9351","9452","96"
"2","ref4","8778","8914","95"
"6","ref1","6657","6711","86"
"2","ref2","3013","3249","91"
"3","ref2","2911","3759","100"
"10","ref4","6465","6970","93"
"11","ref4","7868","7967","83"
"5","ref1","1377","1504","96"
"10","ref2","3172","4171","81"
"6","ref2","3972","4131","91"
"3","ref3","1808","1936","94"
"6","ref1","3662","3780","82"
"6","ref4","9641","9678","93"
"5","ref4","7963","8048","92"
"4","ref2","3024","3125","100"
"6","ref1","1872","2063","84"
"11","ref2","3348","3850","91"
"4","ref2","3996","4995","83"
"8","ref1","5727","5768","87"
"1","ref4","6467","6816","86"
"2","ref2","2585","3241","80"
"11","ref3","1953","2059","100"
"8","ref1","6744","6796","87"
"8","ref1","3269","3620","95"
"11","ref1","7085","7788","93"
"12","ref3","1853","1943","80"
"2","ref1","3951","3957","91"
"4","ref4","8934","9140","88"
"6","ref3","1651","1680","100"
"4","ref1","5217","5365","81"
"3","ref2","3594","3805","90"
"11","ref1","4668","4759","85"
"7","ref2","3119","3311","94"
"4","ref2","2545","2756","80"
"9","ref3","1582","1915","83"
"6","ref4","7200","7688","92"
"9","ref3","1649","1724","92"
"7","ref3","1542","1607","90"
"11","ref2","3624","3888","95"
"12","ref3","1900","1914","91"
"6","ref3","1622","1720","93"
"1","ref3","1747","1898","86"
"6","ref4","9567","9825","94"
"1","ref5","8135","8383","96"
"5","ref4","8847","9397","94"
"9","ref3","1752","1830","82"
"7","ref4","6899","7044","86"
"8","ref4","6104","6742","85"
"9","ref1","6096","6147","94"
"10","ref1","7205","7304","100"
"12","ref2","2309","2404","90"
"7","ref1","1811","1876","88"
"11","ref2","2559","2641","96"
"3","ref1","1931","1947","86"
"11","ref4","6592","7053","89"
"4","ref1","5228","5354","95"
"10","ref4","9564","10563","90"
"7","ref4","9646","9750","90"
"5","ref2","3941","4007","88"
"4","ref4","6861","7010","96"
"9","ref3","1893","1914","82"
"8","ref5","7143","7514","98"
"4","ref1","5428","5579","95"
"11","ref3","1862","1947","83"
"9","ref2","3318","3929","94"
"4","ref1","901","1045","83"
"6","ref2","2797","3326","91"
"2","ref3","1512","1539","89"
"1","ref4","8604","8763","99"
"3","ref2","3602","3691","83"
"10","ref2","3287","3358","90"
"3","ref4","7943","7977","89"
"12","ref2","3399","3573","88"
"10","ref2","2750","3749","97"
"1","ref3","1668","1708","83"
"3","ref1","6855","6959","99"
"9","ref1","2801","2836","82"
"1","ref5","8627","9068","83"
"12","ref5","7422","7668","83"
"8","ref2","3003","3089","81"
"2","ref1","3714","3772","94"
"5","ref2","3260","3435","85"
"12","ref3","1685","1722","88"
"9","ref1","3308","3341","83"
"11","ref4","8038","8094","89"
"7","ref1","2214","2331","95"
"1","ref5","5090","6089","94"
"7","ref1","3053","3184","80"
"3","ref2","3831","4418","99"
"3","ref3","1867","1970","87"
"8","ref2","2185","2238","86"
"1","ref1","6889","7134","82"
"8","ref1","543","696","85"
"6","ref1","3005","3688","100"
"10","ref2","3940","4195","87"
"1","ref4","8373","9203","95"
"12","ref1","7770","7913","95"
"2","ref4","8621","8749","91"
"6","ref1","570","685","89"
"5","ref4","8398","8541","94"
"11","ref1","1993","2010","97"
"12","ref4","6561","6689","99"
"9","ref3","1541","1580","96"
"10","ref1","2318","2334","99"
"11","ref2","2933","3038","90"
"8","ref4","7006","7075","97"
"4","ref4","8027","8405","84"
"6","ref3","1732","1915","97"
"1","ref4","8203","8731","81"
"11","ref2","3343","4071","80"
"4","ref1","3774","3806","96"
"5","ref1","478","550","87"
"8","ref2","3086","3116","91"
"7","ref1","2838","2952","95"
"12","ref4","8557","9375","89"
"8","ref3","1854","1933","93"
"11","ref1","3472","3569","95"
"4","ref1","5396","5447","94"
"4","ref4","6981","7121","90"
"12","ref1","75","198","82"
"6","ref1","1685","1798","84"
"9","ref4","6015","6280","85"
"12","ref4","9024","9426","84"
"11","ref1","7693","7818","80"
"6","ref3","1711","1794","91"
"4","ref1","6266","6313","91"
"10","ref2","2275","2439","91"
"10","ref3","1824","1864","88"
"1","ref1","5323","5451","91"
"11","ref3","1884","2082","99"
"11","ref5","5086","5645","93"
"7","ref4","8323","8455","84"
"4","ref5","5060","5689","92"
"2","ref4","7879","7978","85"
"5","ref4","6840","7237","89"
"12","ref3","1743","1765","99"
"4","ref1","7666","7729","100"
"6","ref3","1869","1898","90"
"7","ref4","8111","8266","91"
"5","ref3","1706","1708","87"
"5","ref4","6777","6908","93"
"6","ref1","4032","4174","81"
"7","ref2","2306","3230","90"
"12","ref1","7735","7811","86"
"9","ref4","9337","9976","89"
"12","ref3","1981","2074","92"
"4","ref4","6782","7087","94"
"6","ref4","6331","6807","98"
"3","ref1","7927","7968","90"
"7","ref1","1178","1699","82"
"2","ref2","3542","4086","99"
"9","ref5","4874","5873","92"
"3","ref1","2748","2838","86"
"9","ref1","6954","7125","84"
"9","ref5","7311","8310","95"
"6","ref1","6646","6773","85"
"1","ref5","4122","4573","95"
"10","ref1","1068","1186","87"
"4","ref1","7523","7800","93"
"10","ref3","1517","1582","97"
"7","ref2","3262","3623","97"
"2","ref2","3223","4222","100"
"9","ref4","9288","9720","93"
"2","ref1","7277","7342","99"
"3","ref3","1783","1799","100"
"8","ref4","8959","9273","89"
"12","ref5","6788","7787","97"
"10","ref5","8118","8578","81"
"4","ref4","6023","6148","88"
"12","ref4","6756","7195","88"
"9","ref5","4980","5114","97"
"9","ref1","2625","3169","92"
"11","ref3","1536","1578","99"
"10","ref1","1007","1086","97"
"9","ref1","5576","6051","93"
"2","ref2","2111","2274","94"
"2","ref4","6175","6627","88"
"10","ref1","3428","3507","89"
"4","ref1","627","675","96"
"12","ref1","3224","3334","85"
"10","ref1","2031","2319","95"
"7","ref2","2417","2820","92"
"6","ref3","1998","2032","90"
"10","ref5","4059","4375","81"
"7","ref3","1664","1743","92"
"9","ref4","7444","7998","97"
"11","ref1","1412","1569","81"
"11","ref3","1722","1741","86"
"1","ref5","7564","8563","83"
"2","ref5","6860","7859","89"
"12","ref1","2257","2395","89"
"9","ref3","1658","1710","91"
"5","ref2","3430","3664","98"
"12","ref1","5720","5824","93"
"11","ref4","7218","7288","84"
"8","ref1","3954","3969","94"
"11","ref3","1922","1968","80"
"7","ref4","6904","7210","90"
"4","ref4","7585","7812","99"
"8","ref3","1730","1864","98"
"10","ref4","8510","8646","91"
"4","ref1","4004","4270","84"
"12","ref2","3841","3997","89"
"7","ref1","7875","8028","84"
"5","ref1","580","801","83"
"4","ref2","2481","2605","88"
"5","ref4","7423","7647","82"
"1","ref2","2316","2421","98"
"3","ref1","3699","3722","84"
"5","ref2","3413","3848","95"
"5","ref2","2042","2070","87"
"8","ref1","4475","4526","85"
"4","ref1","984","1021","98"
"6","ref1","7291","7387","86"
"8","ref5","5980","6284","92"
"4","ref4","6170","6263","95"
"9","ref1","6636","6726","92"
"12","ref1","2136","2227","91"
"12","ref5","8395","8658","90"
"10","ref1","4880","5124","85"
"8","ref3","2000","2049","92"
"12","ref1","507","565","98"
"12","ref1","107","281","90"
"8","ref4","6212","6579","99"
"10","ref4","9299","9577","91"
"1","ref1","5737","5832","92"
"1","ref4","8287","9018","94"
"2","ref4","6736","7284","91"
"1","ref1","3641","3675","91"
"9","ref2","3609","4608","80"
"6","ref3","1763","1821","98"
"3","ref3","1955","2058","90"
"6","ref2","2400","2737","80"
"7","ref1","6626","6647","84"
"10","ref4","7263","7338","92"
"8","ref5","6560","6719","80"
"11","ref3","1570","1584","100"
"9","ref1","2191","2252","97"
"5","ref5","4236","5186","91"
"10","ref2","2105","2710","93"
"10","ref1","7526","7615","94"
"1","ref1","1799","1964","89"
"3","ref1","2395","2409","89"
"6","ref3","1902","1946","80"
"1","ref1","7775","7786","81"
"6","ref2","2437","3213","82"
"6","ref1","6267","6573","86"
"4","ref2","2143","2281","94"
"7","ref2","3581","3697","94"
"1","ref4","8846","8879","94"
"9","ref1","3686","3735","91"
"1","ref5","4810","5007","81"
"5","ref4","8225","8234","91"
"4","ref1","635","790","90"
"2","ref1","4682","5184","88"
"2","ref2","3725","4154","89"
"7","ref1","685","762","89"
"1","ref2","2246","2850","94"
"4","ref5","4272","5009","97"
"10","ref3","1960","2046","91"
"2","ref1","1218","1413","83"
"9","ref1","2084","2290","83"
"9","ref3","1507","1521","88"
"2","ref2","3475","3953","89"
"10","ref1","7894","8029","95"
"9","ref1","3031","3060","87"
"8","ref4","8023","8400","82"
"3","ref3","1692","1792","85"
"3","ref3","1782","1825","80"
"11","ref1","2340","2437","82"
"11","ref5","6024","6821","95"
"2","ref1","1243","1534","92"
"7","ref4","8413","8468","96"
"12","ref5","4130","4526","96"
"4","ref3","1753","1789","86"
"9","ref4","7822","7858","99"
"4","ref3","1872","1924","96"
"2","ref4","8758","8802","95"
"11","ref1","6454","6534","81"
"2","ref3","1786","1802","82"
"6","ref4","7646","7944","99"
"5","ref1","2152","2197","98"
"6","ref4","6846","6877","94"
"1","ref2","2181","2322","96"
"2","ref3","1557","1631","97"
"3","ref2","2737","2846","98"
"8","ref3","1793","1805","89"
"1","ref3","1666","1812","98"
"1","ref2","3525","3978","99"
"4","ref4","6558","6903","85"
"10","ref4","9202","10201","81"
"7","ref5","4797","5796","93"
"8","ref1","2299","2396","92"
"1","ref2","3490","3588","91"
"9","ref4","9442","9507","93"
"9","ref5","6793","7792","95"
"6","ref3","1899","1937","86"
"6","ref1","4604","4661","95"
"6","ref1","2506","2567","94"
"11","ref2","2637","2953","80"
"4","ref5","4181","4300","97"
"10","ref1","1320","1387","89"
"3","ref4","8739","8885","81"
"9","ref1","267","630","89"
"11","ref3","1723","1743","84"
"6","ref2","3027","4026","92"
"6","ref1","5342","5419","88"
"4","ref2","2066","2671","89"
"6","ref1","4630","4683","99"
"12","ref3","1652","1679","80"
"12","ref1","185","492","80"
"5","ref2","2123","2804","95"
"5","ref2","2803","2859","81"
"2","ref1","5913","6006","80"
"8","ref2","2215","2262","88"
"12","ref4","8098","8393","82"
"11","ref5","7949","8948","81"
"4","ref5","5567","6526","97"
"7","ref4","7287","7335","98"
"1","ref1","6700","6798","80"
"12","ref4","7799","8080","89"
"10","ref3","1816","1876","98"
"6","ref3","1821","1829","99"
"5","ref4","8040","8944","84"
"7","ref4","9654","9775","96"
"3","ref4","6997","7342","98"
"10","ref3","1951","2005","86"
"3","ref4","8842","8998","92"
"4","ref1","3601","4013","81"
"3","ref2","3501","4134","85"
"1","ref2","3138","3912","94"
"8","ref2","2498","2984","85"
"10","ref4","9570","9630","81"
"1","ref2","3052","3853","99"
"6","ref4","6524","6578","97"
"8","ref2","3398","3842","90"
"3","ref2","2230","3229","100"
"11","ref4","6637","6660","96"
"6","ref1","1864","2125","84"
"11","ref2","2844","3801","81"
"10","ref1","150","251","81"
"4","ref3","1597","1619","82"
"11","ref1","5713","5766","99"
"2","ref3","1874","1931","100"
"8","ref1","5279","5296","86"
"3","ref1","5717","5747","81"
"12","ref4","7809","7893","94"
"10","ref3","1811","1827","90"
"1","ref2","2399","3398","99"
"12","ref3","1927","2079","88"
"11","ref3","1765","1853","83"
"8","ref4","6109","6258","95"
"4","ref3","1592","1601","97"
"2","ref2","2784","3685","87"
"3","ref2","2084","3083","85"
"8","ref5","7375","7839","87"
"6","ref4","7873","7984","89"
"9","ref2","3210","3277","84"
"12","ref1","5435","5803","93"
"12","ref1","7600","7803","91"
"11","ref1","4189","4224","97"
"5","ref1","2977","2995","87"
"11","ref4","6394","6450","91"
"9","ref1","1144","1416","91"
"8","ref1","1828","1990","88"
"3","ref1","2413","2427","88"
"3","ref2","3940","4939","88"
"7","ref1","196","721","83"
"7","ref2","3906","4695","96"
"9","ref4","9731","9846","99"
"3","ref2","2445","2640","82"
"4","ref4","7822","8008","89"
"5","ref2","2967","3037","85"
"7","ref4","9967","10171","100"
"9","ref1","4942","5011","83"
"7","ref1","7984","8140","99"
"9","ref4","7580","8579","89"
"5","ref2","2149","2457","91"
"11","ref4","8561","8611","98"
"3","ref3","1829","1866","85"
"4","ref3","1698","1720","85"
"9","ref4","8956","9073","92"
"6","ref1","7699","7780","83"
"2","ref1","6640","6744","85"
"1","ref3","1572","1626","93"
"10","ref1","4699","5197","86"
"11","ref3","1824","1855","88"
"12","ref1","5740","5765","97"
"8","ref4","9206","9266","98"
"11","ref2","3052","3787","97"
"6","ref2","3842","3868","86"
"9","ref1","4475","5033","80"
"4","ref5","6225","6370","90"
"2","ref3","1872","2062","84"
"8","ref2","2872","2971","92"
"12","ref4","9313","9839","90"
"4","ref5","5604","5736","97"
"7","ref3","1599","1617","83"
"10","ref1","6908","7000","80"
"9","ref2","2003","2502","88"
"6","ref1","4796","4819","87"
"10","ref4","8994","9450","87"
"3","ref1","6273","6276","97"
"12","ref3","1904","2413","97"
"5","ref1","6112","6243","85"
"12","ref4","7593","8346","100"
"2","ref1","6832","6846","85"
"10","ref4","7365","7479","100"
"9","ref1","635","664","87"
"1","ref1","1766","1858","92"
"9","ref5","4649","4948","90"
"6","ref4","7777","7916","90"
"5","ref2","2094","2612","85"
"6","ref4","9143","9271","99"
"12","ref1","1365","1425","96"
"7","ref2","3841","4083","80"
"9","ref4","7015","7073","83"
"6","ref4","8911","9672","98"
"1","ref2","2346","3251","92"
"2","ref1","2914","3110","93"
"5","ref1","2501","2837","94"
"9","ref2","2606","3017","83"
"12","ref4","9234","9364","94"
"1","ref3","1517","2398","93"
"11","ref3","1627","1925","95"
"2","ref4","9287","10286","92"
"4","ref1","5539","5660","85"
"8","ref4","9357","9749","91"
"2","ref2","2678","3214","89"
"12","ref2","3071","3799","83"
"7","ref4","6763","6961","89"
"9","ref3","1529","1609","85"
"8","ref2","2120","2332","96"
"10","ref3","1786","1808","80"
"4","ref3","1729","1848","82"
"9","ref3","1981","2079","81"
"3","ref2","2388","2677","98"
"5","ref1","7365","7408","100"
"11","ref4","7130","7172","91"
"11","ref2","3973","4086","88"
"1","ref3","1672","1679","82"
"11","ref2","3084","4083","80"
"11","ref5","6468","6882","100"
"2","ref2","2604","3125","94"
"8","ref2","2750","2996","84"
"2","ref2","3229","3319","97"
"1","ref3","1531","1560","89"
"1","ref3","1877","1959","85"
"12","ref2","3393","3459","81"
"1","ref5","7499","8323","82"
"4","ref3","1635","2183","89"
"1","ref4","9631","9653","98"
"7","ref3","1653","1747","90"
"5","ref2","3702","3852","89"
"9","ref1","5129","5138","93"
"1","ref1","5164","5582","86"
"10","ref3","1836","1874","100"
"2","ref3","1862","1886","95"
"10","ref3","1864","1868","97"
"10","ref1","7574","7701","91"
"2","ref4","7271","7465","91"
"7","ref2","2605","2657","80"
"1","ref1","7327","7483","89"
"3","ref2","3435","3537","87"
"12","ref5","6321","6909","99"
"10","ref3","1842","1936","84"
"4","ref1","5687","5753","87"
"5","ref3","1674","1694","83"
"9","ref4","6838","7631","86"
"7","ref3","1860","1902","82"
"12","ref4","9754","10753","91"
"11","ref2","2426","2700","95"
"1","ref5","8981","9980","100"
"7","ref4","8329","8566","90"
"7","ref2","2030","2212","83"
"7","ref4","6745","7541","96"
"12","ref4","6880","7879","97"
"6","ref3","1910","1927","100"
"1","ref1","3099","3120","95"
"5","ref4","8252","8316","90"
"4","ref4","9770","10737","80"
"9","ref4","7824","7933","93"
"9","ref3","1602","1636","100"
"4","ref1","1651","2317","91"
"6","ref4","7589","7886","97"
"4","ref1","560","1166","88"
"5","ref1","6158","6365","93"
"9","ref2","2550","2634","80"
"1","ref4","9376","9717","84"
"10","ref4","7825","7884","82"
"1","ref2","3838","4031","89"
"2","ref2","3963","4372","80"
"6","ref4","6844","6965","80"
"11","ref2","3255","3644","97"
"5","ref4","9350","9853","82"
"1","ref4","9146","9774","92"
"2","ref4","9997","10996","100"
"6","ref1","462","497","99"
"9","ref1","2801","2822","91"
"9","ref1","2098","2184","92"
"12","ref3","1674","1697","87"
"4","ref2","2954","3259","96"
"8","ref4","7506","8153","100"
"12","ref3","1966","2028","94"
"4","ref4","8786","8811","84"
"4","ref4","8126","9125","87"
"10","ref4","7700","8416","100"
"1","ref2","2378","3377","83"
"4","ref3","1885","1907","95"
"7","ref1","4884","4933","91"
"1","ref1","1456","1494","96"
"2","ref4","8885","9024","84"
"4","ref2","2943","3942","89"
"1","ref1","4401","4419","81"
"2","ref1","2039","2083","96"
"9","ref1","1573","1754","91"
"7","ref3","1529","1633","99"
"12","ref1","921","985","81"
"1","ref4","8322","8507","84"
"9","ref3","1834","1875","85"
"2","ref4","6779","7222","83"
"8","ref3","1770","1819","90"
"2","ref4","7300","7432","93"
"7","ref1","5564","5594","87"
"6","ref4","8859","8999","89"
"3","ref2","2604","2640","92"
"7","ref2","3536","4130","82"
"4","ref4","8850","8957","94"
"8","ref4","8097","8200","95"
"7","ref2","2414","2465","92"
"3","ref1","4414","4457","94"
"7","ref5","6370","7169","98"
"2","ref4","6475","6888","86"
"8","ref2","2662","3232","100"
"7","ref1","4930","5125","84"
"8","ref4","6765","6894","99"
"4","ref2","2664","3663","87"
"4","ref3","1764","1873","99"
"12","ref2","2530","2838","95"
"5","ref4","7961","8856","82"
"6","ref1","4120","4227","92"
"6","ref2","3069","3163","86"
"11","ref4","7223","7676","81"
"3","ref2","3899","4409","90"
"4","ref4","8289","8315","93"
"11","ref1","2596","2623","100"
"8","ref3","1908","2036","85"
"8","ref4","8527","8622","97"
"7","ref1","546","736","99"
"1","ref4","9314","9507","96"
"11","ref3","1900","2060","80"
"8","ref1","2909","2963","82"
"12","ref1","790","863","90"
"8","ref4","9590","9697","85"
"5","ref1","2242","2391","95"
"2","ref4","9305","9841","85"
"10","ref4","8512","8602","94"
"7","ref3","1620","1755","84"
"10","ref3","1742","1884","99"
"12","ref4","9475","9567","92"
"5","ref1","3687","3799","90"
"5","ref2","2632","2805","80"
"3","ref3","1884","1898","98"
"4","ref3","1923","1947","82"
"9","ref5","6273","7272","92"
"5","ref5","4149","4957","81"
"5","ref3","1502","1514","94"
"7","ref3","1718","1798","94"
"5","ref1","2865","2908","82"
"1","ref4","7796","8237","83"
"3","ref3","1809","1953","91"
"5","ref1","2483","2501","97"
"7","ref5","7709","8176","92"
"1","ref1","5116","5147","97"
"7","ref1","7279","7839","92"
"3","ref4","7129","7517","85"
"6","ref2","3645","4105","90"
"3","ref3","1781","1815","89"
"5","ref4","9502","9811","100"
"5","ref4","9046","10045","90"
"7","ref3","1828","1849","95"
"1","ref1","749","779","96"
"3","ref5","7236","7510","93"
"9","ref4","9233","9758","80"
"2","ref1","3801","3996","88"
"8","ref2","3577","3869","95"
"7","ref2","3894","4309","89"
"5","ref1","6458","6535","83"
"1","ref3","1592","1613","83"
"4","ref3","1885","1914","99"
"8","ref3","1921","1941","97"
"10","ref1","7810","7901","93"
"2","ref2","3159","3270","90"
"9","ref5","8737","9674","94"
"5","ref1","4430","4505","88"
"9","ref4","9999","10998","96"
"9","ref3","1710","1721","100"
"5","ref1","5897","5925","88"
"7","ref1","1782","2076","80"
"11","ref4","7431","7543","94"
"12","ref4","9244","9332","91"
"3","ref1","4091","4259","94"
"6","ref1","4125","4210","85"
"5","ref3","1552","1605","87"
"3","ref3","1669","2055","91"
"7","ref1","7152","7659","86"
"7","ref2","2093","2250","82"
"3","ref2","2268","2349","86"
"7","ref4","9518","9654","82"
"2","ref3","1723","1911","92"
"9","ref4","7965","8511","92"
"6","ref4","8599","8651","80"
"4","ref1","4405","4442","95"
"8","ref3","1794","1936","91"
"10","ref4","8269","8527","89"
"5","ref3","1661","1713","91"
"1","ref2","3934","4513","95"
"9","ref3","1616","1631","82"
"5","ref1","2586","2794","99"
"12","ref3","1824","1828","96"
"5","ref3","1678","1728","93"
"5","ref2","3144","3714","85"
"2","ref4","6835","6927","93"
"8","ref1","4092","4129","95"
"9","ref4","9463","9558","99"
"12","ref2","3050","3235","84"
"10","ref4","6077","6204","89"
"4","ref1","7299","7340","94"
"12","ref4","8915","9000","95"
"4","ref2","3450","3931","93"
"7","ref5","7326","7419","99"
"6","ref2","3970","4576","91"
"10","ref2","2559","3558","99"
"3","ref2","3065","3564","82"
"3","ref3","1537","1644","87"
"6","ref1","2903","2959","84"
"10","ref1","7505","7571","94"
"5","ref1","3569","3659","87"
"8","ref3","1959","2099","97"
"11","ref3","1758","1883","92"
"5","ref1","2923","3031","99"
"2","ref4","6703","6945","88"
"10","ref2","3066","3297","86"
"3","ref2","3545","4059","80"
"10","ref1","595","915","94"
"2","ref3","1943","1970","98"
"4","ref4","6159","6758","96"
"1","ref3","1582","1950","96"
"5","ref4","9551","9616","90"
"1","ref1","3036","3138","97"
"12","ref5","6723","7708","80"
"2","ref3","1910","1946","84"
"9","ref1","3230","3473","84"
"12","ref4","8875","9105","81"
"6","ref3","1622","1875","80"
"4","ref4","7216","7593","90"
"7","ref3","1825","1920","87"
"7","ref1","812","924","96"
"6","ref1","450","473","99"
"10","ref1","3996","4188","90"
"6","ref4","6451","6516","93"
"2","ref4","9445","9834","92"
"7","ref3","1945","2061","96"
"9","ref4","6740","6821","98"
"12","ref3","1767","1821","80"
"3","ref4","7943","8034","95"
"1","ref2","3933","4743","100"
"5","ref1","3029","3151","91"
"11","ref2","3288","3502","93"
"12","ref5","7355","8354","86"
"4","ref2","3799","4134","84"
"1","ref3","1977","2014","84"
"1","ref4","7620","7706","94"
"9","ref2","3180","3307","100"
"8","ref2","2773","3266","100"
"12","ref4","6528","7517","88"
"7","ref1","4107","4114","86"
"9","ref4","9987","10650","85"
"4","ref2","3969","4277","94"
"6","ref2","3815","4339","93"
"1","ref4","7251","7456","88"
"7","ref4","9284","10283","94"
"12","ref2","2656","2779","98"
"6","ref1","3631","3661","85"
"1","ref1","1583","1647","84"
"10","ref5","6616","7615","80"
"10","ref5","4613","4742","89"
"9","ref3","1864","1892","85"
"11","ref1","4575","4621","82"
"5","ref1","7971","8056","86"
"11","ref2","3057","3742","99"
"6","ref3","1877","2036","96"
"11","ref3","1611","2106","92"
"4","ref4","9358","9451","87"
"4","ref1","3630","3720","93"
"1","ref3","1501","1511","98"
"5","ref4","7099","7222","80"
"3","ref1","1823","1945","98"
"12","ref1","710","820","83"
"4","ref3","1666","1686","80"
"11","ref1","990","1030","86"
"12","ref3","1950","1965","84"
"3","ref4","7224","7618","80"
"11","ref3","1722","1923","90"
"8","ref5","5242","5495","89"
"5","ref1","2304","2843","87"
"3","ref3","1828","1835","100"
"1","ref4","6330","6499","98"
"9","ref1","877","959","93"
"8","ref4","8585","8732","96"
"3","ref2","3284","4283","87"
"8","ref3","1971","1985","97"
"6","ref3","1954","2000","92"
"3","ref1","5827","6201","88"
"4","ref1","2359","2463","86"
"1","ref4","8879","9036","89"
"7","ref1","4707","4745","100"
"7","ref2","3727","3813","90"
"4","ref5","4497","4805","82"
"9","ref1","1223","1585","97"
"2","ref1","7578","7587","89"
"6","ref3","1893","1922","96"
"11","ref1","2261","2432","84"
"7","ref3","1917","2214","92"
"9","ref3","1871","2248","90"
"8","ref4","6034","6138","85"
"9","ref3","1507","1557","95"
"6","ref4","8191","8653","88"
"6","ref2","2327","2632","82"
"7","ref2","3581","4394","81"
"2","ref1","716","909","86"
"10","ref1","5448","5510","90"
"7","ref1","1196","1239","83"
"4","ref2","3648","3730","81"
"6","ref1","723","799","92"
"4","ref1","3133","3378","95"
"9","ref3","1956","2046","85"
"11","ref3","1702","1705","100"
"11","ref4","6201","6600","88"
"10","ref4","7362","7583","83"
"7","ref3","1687","1714","99"
"5","ref5","6939","7110","99"
"3","ref1","7159","7180","87"
"1","ref1","1435","1608","83"
"2","ref4","8761","9387","83"
"1","ref3","1687","1718","80"
"8","ref3","1999","2251","85"
"5","ref5","5981","6394","100"
"2","ref4","7413","7681","88"
"7","ref2","2265","2378","100"
"1","ref1","499","659","95"
"5","ref4","9410","10409","83"
"9","ref2","2203","2253","83"
"6","ref2","2259","2442","86"
"1","ref4","7233","7343","87"
"5","ref4","7958","8093","87"
"4","ref5","5355","5668","80"
"10","ref1","4414","4453","82"
"3","ref4","9432","9628","100"
"10","ref2","3903","4112","92"
"1","ref3","1920","2083","94"
"1","ref3","1810","1851","86"
"10","ref3","1539","1590","89"
"12","ref1","6321","6342","100"
"5","ref4","6616","6892","86"
"3","ref2","2590","3589","99"
"10","ref5","8896","9895","86"
"5","ref2","3880","4764","84"
"8","ref5","8178","8719","94"
"3","ref3","1923","1999","85"
"10","ref4","6846","7845","100"
"11","ref4","6592","6727","82"
"6","ref3","1823","1855","94"
"11","ref4","8088","9087","83"
"12","ref2","2179","3178","99"
"2","ref1","1496","1509","100"
"3","ref1","2208","2257","98"
"11","ref1","3421","3714","89"
"2","ref2","2018","2114","92"
"1","ref1","689","726","100"
"9","ref2","2313","2391","96"
"12","ref4","7071","7385","98"
"4","ref1","5140","5382","85"
"1","ref4","8598","8743","98"
"11","ref1","5124","5810","92"
"6","ref1","5523","5613","80"
"3","ref3","1827","1832","89"
"9","ref2","2211","2275","100"
"3","ref4","9027","9577","91"
"4","ref1","596","613","85"
"10","ref1","6525","7187","98"
"10","ref5","7670","7818","94"
"5","ref3","1868","1983","94"
"5","ref2","2728","3338","80"
"7","ref4","9220","9270","91"
"12","ref2","2630","2792","92"
"1","ref5","4957","5956","100"
"7","ref4","9900","10481","88"
"4","ref3","1718","1733","83"
"8","ref1","4950","5025","81"
"1","ref1","2097","2213","99"
"5","ref1","287","572","88"
"12","ref3","1543","1639","91"
"5","ref2","3015","3215","91"
"5","ref4","8097","8415","87"
"7","ref5","6942","7941","100"
"11","ref1","7897","7947","93"
"1","ref4","7715","8714","90"
"7","ref3","1923","2487","82"
"1","ref1","5016","5067","91"
"6","ref1","4015","4047","90"
"12","ref2","2385","2546","92"
"9","ref3","1766","1827","94"
"3","ref4","8738","8817","90"
"11","ref2","2708","3005","95"
"8","ref3","1678","1849","87"
"12","ref1","314","375","100"
"4","ref3","1788","1826","96"
"1","ref4","9037","9557","91"
"5","ref1","5958","6216","96"
"1","ref4","6832","7234","87"
"11","ref4","9301","9489","96"
"4","ref4","7542","8207","92"
"11","ref3","1698","1727","92"
"4","ref4","6087","6596","81"
"10","ref2","3058","3266","90"
"6","ref4","6822","7355","100"
"5","ref1","4092","4369","82"
"9","ref2","3395","3776","95"
"11","ref3","1558","1757","99"
"10","ref5","5932","6726","91"
"4","ref4","7365","7417","84"
"11","ref5","6628","7217","89"
"1","ref1","2615","2739","97"
"2","ref1","4036","4056","86"
"8","ref5","7772","7864","80"
"4","ref2","3954","4082","96"
"2","ref2","3421","3694","89"
"12","ref4","8717","8804","86"
"6","ref2","2325","2644","94"
"2","ref1","3969","4047","91"
"10","ref1","5605","5739","83"
"2","ref1","6082","6141","92"
"10","ref4","6657","6766","92"
"6","ref5","4000","4656","97"
"11","ref5","5732","6731","100"
"2","ref3","1785","1820","98"
"9","ref4","6202","6237","84"
"2","ref4","7817","8188","98"
"9","ref5","7871","8674","99"
"5","ref5","4392","5199","94"
"1","ref2","2386","2676","96"
"10","ref4","7337","7455","86"
"3","ref4","6181","7162","89"
"10","ref2","2884","3519","94"
"9","ref2","2124","2294","82"
"9","ref2","3317","3488","100"
"4","ref3","1936","2054","96"
"7","ref1","1234","1292","91"
"5","ref1","5640","6340","98"
"7","ref3","1632","2119","87"
"8","ref2","2260","2653","91"
"10","ref3","1782","1845","89"
"3","ref3","1649","1661","85"
"2","ref3","1712","1749","94"
"12","ref4","7397","7536","91"
"8","ref2","3376","3449","91"
"1","ref4","6518","6793","82"
"2","ref3","1595","1619","86"
"9","ref3","1711","1929","80"
"4","ref4","9748","9834","87"
"1","ref3","1735","1755","83"
"10","ref4","9995","10092","99"
"5","ref4","7814","7939","88"
"4","ref4","7824","8117","91"
"12","ref2","2457","2673","95"
"2","ref2","2384","2996","93"
"9","ref4","6330","6426","85"
"3","ref2","3885","4051","86"
"7","ref4","8592","8717","84"
"3","ref2","3063","3371","97"
"11","ref1","2305","2361","83"
"11","ref4","6632","6892","95"
"10","ref1","5215","5450","80"
"9","ref1","2513","2607","86"
"6","ref3","1553","1665","96"
"11","ref3","1671","1700","86"
"4","ref5","5920","6579","82"
"1","ref3","1994","2224","81"
"2","ref1","2135","2868","98"
"8","ref2","2780","3168","90"
"9","ref3","1837","1874","93"
"12","ref2","2079","2200","82"
"1","ref1","6127","6186","92"
"1","ref5","8031","8900","81"
"6","ref4","8739","9396","87"
"3","ref2","3285","3892","99"
"11","ref1","2049","2068","99"
"3","ref3","1812","1829","98"
"12","ref3","1980","2063","97"
"3","ref2","3357","4356","95"
"11","ref1","2585","2750","88"
"4","ref4","9704","9949","94"
"11","ref3","1917","1930","97"
"11","ref2","2212","3211","80"
"7","ref2","3918","4203","89"
"2","ref4","6509","6593","82"
"2","ref1","1438","1597","89"
"3","ref4","9799","9833","96"
"3","ref4","7482","7807","91"
"12","ref1","7825","7866","80"
"5","ref1","6198","6264","89"
"10","ref3","1855","1900","96"
"5","ref2","2007","3006","81"
"5","ref4","7303","7466","94"
"8","ref4","9249","9399","98"
"6","ref1","907","934","84"
"1","ref2","3153","3543","82"
"3","ref5","4399","5261","96"
"1","ref5","6952","7951","80"
"6","ref4","7011","7161","95"
"12","ref4","7743","8048","81"
"11","ref3","1569","1770","91"
"10","ref1","6309","6470","82"
"6","ref2","2254","2721","87"
"7","ref2","3134","3538","90"
"4","ref2","3497","3671","80"
"2","ref1","2659","2727","95"
"6","ref4","9498","9573","100"
"12","ref4","7737","7909","88"
"1","ref2","3755","3986","94"
"1","ref2","3215","3302","89"
"7","ref4","8152","8215","86"
"7","ref4","6624","7590","88"
"4","ref2","2523","2939","94"
"1","ref1","267","351","90"
"10","ref3","1979","2046","90"
"12","ref2","3445","3495","87"
"7","ref3","1560","1589","81"
"10","ref2","3256","3872","86"
"3","ref2","2066","2276","85"
"3","ref3","1803","1840","82"
"3","ref4","8727","8769","89"
"2","ref5","7644","8643","93"
"2","ref1","4564","4664","84"
"3","ref4","7449","7713","80"
"10","ref4","9121","9174","85"
"11","ref5","8438","9023","90"
"7","ref4","6142","6433","98"
"2","ref1","5466","5639","89"
"10","ref4","9454","9654","84"
"2","ref4","6555","6835","85"
"6","ref1","7278","7360","96"
"12","ref3","1549","1598","83"
"10","ref3","1994","2071","98"
"12","ref3","1651","1670","97"
"10","ref3","1806","1836","90"
"3","ref2","3903","4539","93"
"3","ref5","8069","8623","99"
"4","ref3","1828","1834","100"
"4","ref1","2432","2464","84"
"11","ref1","2106","2207","96"
"6","ref4","7362","8361","96"
"2","ref3","1854","1915","88"
"4","ref1","4620","4771","93"
"2","ref2","3922","4921","88"
"3","ref1","174","397","100"
"3","ref3","1912","2042","98"
"11","ref2","2409","2607","81"
"12","ref2","3698","3991","84"
"2","ref3","1999","2099","83"
"2","ref1","1919","2111","89"
"7","ref1","5777","5925","82"
"3","ref2","2963","3962","86"
"12","ref4","9929","10112","97"
"7","ref1","7007","7096","82"
"2","ref5","7186","7252","98"
"6","ref2","2849","2968","95"
"3","ref5","7978","8350","84"
"3","ref1","2480","2626","100"
"5","ref4","9935","10795","85"
"5","ref2","2337","3336","88"
"2","ref1","1813","2025","95"
"1","ref4","6959","7049","83"
"8","ref3","1708","1764","92"
"5","ref4","6775","7774","97"
"5","ref4","6233","7232","95"
"7","ref2","3582","4372","95"
